1767719016065 78.54653909756674 0
1767719258965 83.87077722655327 1
1767719500928 85.37384833451453 2
1767719739544 85.97625797306874 3
1767719977290 86.64068036853295 4
1767720216740 87.38188046302858 5
1767720459141 87.8041578077014 6
1767720701188 88.49220411055988 7
1767720946559 88.76387904559414 8
1767721189037 89.30722891566265 9
1767721431529 89.78561304039688 10
1767721675015 90.28171509567683 11
1767721919376 90.57110796125679 12
1767722164499 91.0347271438696 13
1767722408888 91.6578077013938 14
