1767719016064 0.5611314085066825 0
1767719258964 0.42025251935629265 1
1767719500927 0.38158126935236175 2
1767719739540 0.36347652255531976 3
1767719977289 0.3450932214854459 4
1767720216739 0.32729266192746453 5
1767720459140 0.3128194353693605 6
1767720701187 0.30162815770048146 7
1767720946558 0.28984874426066254 8
1767721189036 0.2735809534471535 9
1767721431528 0.26464095773620355 10
1767721675014 0.2497790167890876 11
1767721919375 0.24156385858572238 12
1767722164498 0.2311749944043002 13
1767722408887 0.21471196177703125 14
